k = 24500e-3;
gz = 9.810;
aA1 = 10;
aA2 = 0;
aB1 = 0;
aB2 = 0;
aC1 = 0;
aC2 = 0;